kernel:poly
param:2
lr:0.1
lambda:0.01
epochs:200
bias:0.6
alpha:[5.009381370970641,2.74613592325633,2.7494094736953625,2.061381417220757]
support_vectors:[[0,0],[0,1],[1,0],[1,1],]
support_labels:[-1,1,1,-1]
