kernel:poly
param:2
lr:0.1
lambda:0.01
epochs:200
bias:0.20000000000000004
alpha:[4.579977080799808,2.7378413269086854,2.738979168552281,2.057200307140901]
support_vectors:[[0,0],[0,1],[1,0],[1,1],]
support_labels:[-1,1,1,-1]
