kernel:rbf
param:2
lr:0.1
lambda:0.01
bias:0
alpha:[0.1,0.11234439887351147,0.12256889162931897,0.08981684361111267]
support_vectors:[[0,0],[0,1],[1,0],[1,1],]
support_labels:[-1,1,1,-1]
