kernel:rbf
param:2
lr:0.1
lambda:0.01
epochs:200
bias:-0.1
alpha:[1.3573013497220014,1.4325707672774437,1.4311587653423332,1.35259839549824]
support_vectors:[[0,0],[0,1],[1,0],[1,1],]
support_labels:[-1,1,1,-1]
