kernel:rbf
param:2
lr:0.1
lambda:0.01
epochs:200
bias:0
alpha:[1.427610878196625,1.3501920650426207,1.3565904632447445,1.4346638232884519]
support_vectors:[[0,0],[0,1],[1,0],[1,1],]
support_labels:[-1,1,1,-1]
